-----------
 Problem 1


 sid  |  major  
------+---------
 1001 | Math
 1001 | Physics
 1002 | CS
 1002 | Math
 1003 | Math
 1004 | CS
 1006 | CS
 1007 | CS
 1007 | Physics
 1008 | Physics
(10 rows)

  
-----------
 Problem 2


 bookno |        title        
--------+---------------------
   2001 | Databases
   2002 | OperatingSystems
   2003 | Networks
   2005 | DiscreteMathematics
   2006 | SQL
   2013 | RealAnalysis
(6 rows)

  
-----------
 Problem 3


 sid  |   sname   
------+-----------
 1002 | Maria
 1004 | Chin
 1006 | Ryan
 1007 | Catherine
 1011 | Nick
 1012 | Eric
 1013 | Lisa
 1022 | Qin
(8 rows)

  
-----------
 Problem 4


 bookno |        title         
--------+----------------------
   2001 | Databases
   2002 | OperatingSystems
   2003 | Networks
   2004 | AI
   2007 | ProgrammingLanguages
   2011 | Anthropology
   2012 | Geometry
(7 rows)

  
-----------
 Problem 5


 bookno 
--------
   2009
(1 row)

  
-----------
 Problem 6
(1 row)

 bookno |  title   
--------+----------
   2012 | Geometry
(1 row)

  
-----------
 Problem 7


 bookno |  title   
--------+----------
   2014 | Topology
(1 row)

  
-----------
 Problem 8


 bookno | price 
--------+-------
   2001 |    40
   2003 |    20
   2008 |    50
   2010 |    25
   2012 |    80
(5 rows)

  
-----------
 Problem 9


 bookno |      title       
--------+------------------
   2001 | Databases
   2002 | OperatingSystems
   2003 | Networks
   2011 | Anthropology
   2012 | Geometry
   2013 | RealAnalysis
(6 rows)

   
------------
 Problem 10


 bookno |        title         
--------+----------------------
   2001 | Databases
   2002 | OperatingSystems
   2003 | Networks
   2004 | AI
   2005 | DiscreteMathematics
   2006 | SQL
   2007 | ProgrammingLanguages
   2008 | DataScience
   2009 | Calculus
   2010 | Philosophy
   2011 | Anthropology
   2012 | Geometry
   2013 | RealAnalysis
   2014 | Topology
(14 rows)

------------
 Problem 11


 bookno 
--------
   2004
   2005
(2 rows)

------------
 Problem 12


 bookno |      title       
--------+------------------
   2002 | OperatingSystems
   2011 | Anthropology
   2012 | Geometry
(3 rows)

   
------------
 Problem 13


 sid  |   sname   
------+-----------
 1001 | Jean
 1007 | Catherine
 1010 | Linda
 1017 | Ellen
 1022 | Qin
 1023 | Melanie
(6 rows)

   
------------
 Problem 14


 sid  | sname 
------+-------
 1015 | Dirk
 1016 | Mary
 1022 | Qin
 1040 | Pam
(4 rows)

   
------------
 Problem 15


 sid  | bookno 
------+--------
 1001 |   2009
 1002 |   2007
 1003 |   2007
 1004 |   2007
 1005 |   2007
 1006 |   2007
 1007 |   2009
 1008 |   2007
 1009 |   2002
 1010 |   2003
 1011 |   2002
 1012 |   2011
 1013 |   2001
 1014 |   2008
 1014 |   2011
 1017 |   2003
 1020 |   2001
 1022 |   2014
 1023 |   2014
 1040 |   2002
(20 rows)

------------
 Problem 16


  s1  |  s2  
------+------
 1001 | 1002
 1001 | 1003
 1001 | 1007
 1001 | 1008
 1001 | 1011
 1002 | 1001
 1002 | 1003
 1002 | 1004
 1002 | 1006
 1002 | 1007
 1002 | 1011
 1002 | 1012
 1002 | 1013
 1002 | 1022
 1003 | 1001
 1003 | 1002
 1003 | 1011
 1004 | 1002
 1004 | 1007
 1004 | 1011
 1004 | 1012
 1004 | 1013
 1004 | 1022
 1006 | 1002
 1006 | 1007
 1006 | 1011
 1006 | 1012
 1006 | 1013
 1006 | 1022
 1007 | 1001
 1007 | 1002
 1007 | 1004
 1007 | 1006
 1007 | 1008
 1007 | 1011
 1007 | 1012
 1007 | 1013
 1007 | 1022
 1008 | 1001
 1008 | 1007
 1009 | 1010
 1010 | 1009
 1011 | 1001
 1011 | 1002
 1011 | 1003
 1011 | 1004
 1011 | 1006
 1011 | 1007
 1011 | 1012
 1011 | 1013
 1011 | 1022
 1012 | 1002
 1012 | 1004
 1012 | 1006
 1012 | 1007
 1012 | 1011
 1012 | 1013
 1012 | 1022
 1013 | 1002
 1013 | 1004
 1013 | 1006
 1013 | 1007
 1013 | 1011
 1013 | 1012
 1013 | 1022
 1022 | 1002
 1022 | 1004
 1022 | 1006
 1022 | 1007
 1022 | 1011
 1022 | 1012
 1022 | 1013
(72 rows)

   
------------
 Problem 17

 You should see 866 rows
   
------------
 Problem 18


  s1  |  s2  
------+------
 1001 | 1012
 1001 | 1013
 1001 | 1014
 1001 | 1017
 1001 | 1040
 1002 | 1023
 1002 | 1040
 1003 | 1020
 1003 | 1023
 1003 | 1040
 1004 | 1020
 1004 | 1023
 1005 | 1017
 1005 | 1020
 1005 | 1023
 1006 | 1020
 1006 | 1023
 1007 | 1023
 1007 | 1040
 1008 | 1017
 1008 | 1020
 1008 | 1023
 1009 | 1023
 1009 | 1040
 1010 | 1023
 1010 | 1040
 1011 | 1020
 1011 | 1023
 1011 | 1040
 1012 | 1001
 1012 | 1017
 1012 | 1020
 1012 | 1023
 1013 | 1001
 1013 | 1023
 1014 | 1001
 1014 | 1020
 1014 | 1023
 1017 | 1001
 1017 | 1005
 1017 | 1008
 1017 | 1012
 1017 | 1023
 1017 | 1040
 1020 | 1003
 1020 | 1004
 1020 | 1005
 1020 | 1006
 1020 | 1008
 1020 | 1011
 1020 | 1012
 1020 | 1014
 1020 | 1023
 1022 | 1023
 1023 | 1002
 1023 | 1003
 1023 | 1004
 1023 | 1005
 1023 | 1006
 1023 | 1007
 1023 | 1008
 1023 | 1009
 1023 | 1010
 1023 | 1011
 1023 | 1012
 1023 | 1013
 1023 | 1014
 1023 | 1017
 1023 | 1020
 1023 | 1022
 1040 | 1001
 1040 | 1002
 1040 | 1003
 1040 | 1007
 1040 | 1009
 1040 | 1010
 1040 | 1011
 1040 | 1017
(78 rows)

   
------------
 Problem 19


 bookno 
--------
   2011
   2012
(2 rows)

