Assignment 3

Problem 8.a.iii.A
 sid  | sname 
------+-------
 1011 | Nick
 1013 | Lisa
 1020 | Greg
 1040 | Pam
(4 rows)

Problem 8.a.iii.B
  s1  |  s2  
------+------
 1004 | 1006
 1005 | 1008
 1006 | 1004
 1008 | 1005
 1015 | 1016
 1016 | 1015
(6 rows)


Problem 8.b.iii
 bookno 
--------
   2001
   2002
   2006
   2007
   2008
   2011
   2012
   2013
(8 rows)

Problem 8.c.i
 sid  |  major  
------+---------
 1002 | CS
 1002 | Math
 1004 | CS
 1006 | CS
 1007 | CS
 1007 | Physics
 1009 | Biology
 1010 | Biology
(8 rows)

Problem 8.c.ii
  s1  |  s2  
------+------
 1004 | 1006
 1005 | 1014
 1005 | 1008
 1006 | 1004
 1008 | 1014
 1008 | 1005
 1014 | 1008
 1014 | 1005
(8 rows)

Problem 8.c.iii
 sid  |   sname   
------+-----------
 1002 | Maria
 1003 | Anna
 1004 | Chin
 1006 | Ryan
 1007 | Catherine
 1009 | Jan
 1010 | Linda
 1017 | Ellen
(8 rows)

Problem 8.c.iv
 bookno |    title     
--------+--------------
   2008 | DataScience
   2011 | Anthropology
(2 rows)

Problem 8.c.v
 bookno |        title        
--------+---------------------
   2004 | AI
   2005 | DiscreteMathematics
   2006 | SQL
   2010 | Philosophy
(4 rows)

Problem 8.c.vi
 sid  |   sname   
------+-----------
 1001 | Jean
 1007 | Catherine
 1010 | Linda
 1017 | Ellen
 1022 | Qin
 1023 | Melanie
(6 rows)

Problem 8.c.vii
The answer has 44 rows
 sid  | bookno 
------+--------
 1001 |   2002
 1001 |   2007
 1001 |   2009
 1002 |   2001
 1002 |   2002
 1002 |   2007
 1002 |   2013
 1003 |   2002
 1003 |   2007
 1003 |   2013
 1004 |   2006
 1004 |   2007
 1004 |   2013
 1005 |   2007
 1005 |   2013
 1006 |   2006
 1006 |   2007
 1006 |   2013
 1007 |   2002
 1007 |   2003
 1007 |   2007
 1007 |   2009
 1007 |   2010
 1008 |   2007
 1008 |   2013
 1009 |   2001
 1009 |   2002
 1009 |   2013
 1010 |   2001
 1010 |   2002
 1010 |   2003
 1010 |   2013
 1011 |   2002
 1011 |   2011
 1012 |   2011
 1013 |   2001
 1013 |   2011
 1014 |   2008
 1014 |   2011
 1017 |   2001
 1017 |   2002
 1017 |   2003
 1020 |   2001
 1023 |   2014
(44 rows)

Problem 8.c.viii
  s1  |  s2  
------+------
 1001 | 1003
 1003 | 1001
 1004 | 1002
 1002 | 1006
 1004 | 1006
 1006 | 1002
 1011 | 1013
 1002 | 1004
 1013 | 1011
 1006 | 1004
(10 rows)

Problem 8.c.ix
The answer has 74 rows
  s1  |  s2  | n  
------+------+----
 1001 | 1002 |  1
 1001 | 1003 |  1
 1001 | 1007 |  0
 1001 | 1008 |  2
 1001 | 1011 |  3
 1002 | 1001 |  2
 1002 | 1003 |  1
 1002 | 1004 |  2
 1002 | 1006 |  2
 1002 | 1007 |  0
 1002 | 1011 |  3
 1002 | 1012 |  4
 1002 | 1013 |  3
 1002 | 1022 |  6
 1003 | 1001 |  1
 1003 | 1002 |  0
 1003 | 1011 |  2
 1004 | 1002 |  2
 1004 | 1006 |  0
 1004 | 1007 |  1
 1004 | 1011 |  4
 1004 | 1012 |  4
 1004 | 1013 |  4
 1004 | 1022 |  6
 1006 | 1002 |  2
 1006 | 1004 |  0
 1006 | 1007 |  1
 1006 | 1011 |  4
 1006 | 1012 |  4
 1006 | 1013 |  4
 1006 | 1022 |  6
 1007 | 1001 |  5
 1007 | 1002 |  4
 1007 | 1004 |  5
 1007 | 1006 |  5
 1007 | 1008 |  6
 1007 | 1011 |  7
 1007 | 1012 |  8
 1007 | 1013 |  7
 1007 | 1022 | 10
 1008 | 1001 |  1
 1008 | 1007 |  0
 1009 | 1010 |  0
 1010 | 1009 |  1
 1011 | 1001 |  1
 1011 | 1002 |  0
 1011 | 1003 |  0
 1011 | 1004 |  1
 1011 | 1006 |  1
 1011 | 1007 |  0
 1011 | 1012 |  1
 1011 | 1013 |  1
 1011 | 1022 |  3
 1012 | 1002 |  0
 1012 | 1004 |  0
 1012 | 1006 |  0
 1012 | 1007 |  0
 1012 | 1011 |  0
 1012 | 1013 |  0
 1012 | 1022 |  2
 1013 | 1002 |  0
 1013 | 1004 |  1
 1013 | 1006 |  1
 1013 | 1007 |  0
 1013 | 1011 |  1
 1013 | 1012 |  1
 1013 | 1022 |  3
 1022 | 1002 |  1
 1022 | 1004 |  1
 1022 | 1006 |  1
 1022 | 1007 |  1
 1022 | 1011 |  1
 1022 | 1012 |  1
 1022 | 1013 |  1
(74 rows)

Problem 8.c.x
 bookno 
--------
   2011
   2012
(2 rows)

